1.451386845697235374e-08
1.290836954285809449e-08
1.163013100493210343e-08
9.054317245640297193e-09
7.502043010299659665e-09
5.961844092409435658e-09
4.603087210916612334e-09
3.359068789568193780e-09
2.123993633621681750e-09
1.236274213736466489e-09
1.164943311340793156e-09
1.084041277033819272e-09
9.650354347398755218e-10
8.072772693069282841e-10
3.996307482925934664e-10
2.509877453552043971e-10
2.017482308689638064e-10
1.519200120434729014e-10
8.068348267874597885e-11
6.584699172745421751e-11
4.996012389172185270e-11
3.112746620170077813e-11
2.973691775908550465e-11
1.537903820348234641e-11
1.305882610477171473e-11
6.322911039488968261e-12
3.524738288227309868e-12
1.482517946786701049e-12
2.101247585928539780e-12
2.181015524036261655e-12
1.361090629871596375e-12
1.057221023118407857e-12
4.988763182347839984e-13
