1.277526541069938152e-08
1.128317235552188590e-08
1.008069755475485066e-08
7.908250448946588801e-09
6.499932239632685860e-09
5.188597404655090470e-09
3.963324436186792345e-09
2.890143954167797211e-09
1.847464971837709903e-09
1.044235931693845213e-09
9.849738557750931217e-10
9.135700226550735417e-10
8.181460698227594735e-10
6.924577916674415190e-10
3.225186301913640331e-10
2.027109885051961571e-10
1.639518092877232898e-10
1.186876317888962787e-10
6.168445862857156383e-11
5.030300672487035869e-11
3.795376190383918990e-11
2.285864224172023116e-11
2.184324559850359971e-11
1.102311017057995148e-11
9.056002922831946141e-12
4.478478105620570923e-12
2.392292049113899803e-12
9.687224079574123726e-13
1.959621457666518443e-12
1.414169569822538190e-12
9.207118845031562464e-13
7.019638543205396011e-13
3.499415688505052395e-13
