1.103666236442648705e-08
9.657975168185708749e-09
8.531264104577601204e-09
6.762183652252827469e-09
5.497821468965721980e-09
4.415350716900754382e-09
3.323561661457007098e-09
2.421219118767409741e-09
1.570936310053731851e-09
8.521976496512254876e-10
8.050044002093938113e-10
7.430987682763301892e-10
6.712567049056417708e-10
5.776383140279550641e-10
2.454065120901338761e-10
1.544342316551875551e-10
1.261553877064823337e-10
8.545525153431938461e-11
4.268543457839698078e-11
3.475902172228608629e-11
2.594739991595686960e-11
1.458981828173962604e-11
1.394957343792167538e-11
6.667182137677532319e-12
5.053179740892184824e-12
2.634045171752194587e-12
1.259845810000494585e-12
4.549268691281267259e-13
7.267749436498614347e-13
6.473236156088190663e-13
4.803331391347144009e-13
3.467066855226678114e-13
2.010068194662270612e-13
